info
Type
NOE
v0
600
Nuc
13C
Nuc1
1H
dXY
46640
Type
R1
v0
700 600 400
Nuc
C13
Nuc1
1H 1H
dXY
46640 46640
Type
R1p
v0
600
vr
5
v1
22.1 12.0 7.0
Nuc
C13
Nuc1
1H 1H
dXY
46640 46640

data
R
0.3222	2.0245	2.2000	4.5833	5.2910	9.4340	11.9048	
0.3231	1.8750	2.4088	3.3673	6.8493	13.1579	14.2857	
0.3397	4.5833	4.5833	7.1739	21.7391	38.4615	34.4828	
0.3229	3.3673	3.8824	7.1739	37.0370	52.6316	55.5556	
0.3588	2.0245	2.9730	3.8824	20.4082	31.2500	32.2581	
0.3463	1.8750	2.4088	2.9730	16.1290	25.6410	25.0000	
0.2635	1.1786	1.6337	1.8750	8.4034	15.6250	18.5185	
0.2762	1.1786	1.7460	2.0245	14.2857	27.0270	22.7273	
0.2634	1.2360	1.6337	1.8750	17.2414	27.0270	27.7778	
0.2826	1.3693	1.8750	2.4088	7.2464	16.3934	17.5439	
0.1373	0.5340	0.8049	1.2992	6.7114	11.7647	13.6986	
0.1095	0.3113	0.5830	0.9218	4.1152	9.1743	10.5263	

Rstd
0.0308	0.1217	0.2000	0.2128	0.5109	0.5627	1.1898	
0.0164	0.0997	0.1271	0.1001	0.4638	1.0976	1.5565	
0.0146	0.6354	0.2207	0.1823	2.1443	3.8853	4.4952	
0.0198	0.1521	0.2173	0.2310	1.6146	3.6550	5.0857	
0.0147	0.0979	0.1277	0.1002	0.7198	2.1316	1.9773	
0.0114	0.1000	0.0857	0.0643	0.6415	1.6132	2.0163	
0.0032	0.0466	0.0196	0.0249	0.7234	1.8862	1.8622	
0.0055	0.0533	0.0365	0.0383	0.6211	1.7084	1.5720	
0.0043	0.0790	0.0255	0.0437	0.6867	2.1658	1.8649	
0.0093	0.0778	0.0568	0.0420	0.3364	0.9568	1.2730	
0.0044	0.0348	0.0246	0.0446	0.3024	0.7627	0.8466	
0.0057	0.0451	0.0323	0.0302	0.1830	0.6238	0.7722	

S2
0.0036
0.0031
0.0511
0.0212
0.0259
0.0404
0.0243
0.0309
0.0445
0.0134
0.0145
0.0101

S2_std
0.0022
0.0013
0.0018
0.0022
0.0038
0.0034
0.0013
0.0035
0.0024
0.0020
0.0024
0.0019

label
beta
alpha
g3
g1
2,2
3,3
mid1
mid2
mid3
(),(8,11)
14,16
15,17
