      0.20275363	       0.1479374	      0.30114035	       2.4130521	       1.6010083	         72.9925	       65.283005	       64.425995	0	
      0.20073839	      0.14853349	      0.80313536	      0.70737442	      0.73176817	       73.278503	       65.419998	         63.6325	0	
      0.19489707	      0.09055786	        3.359488	       1.9385962	       5.2259239	       73.265503	       66.063995	       64.245499	0	
      0.20787305	      0.11588805	       0.9669974	       1.2833152	       3.1070278	         71.0905	       66.858498	          62.319	0	
      0.20832654	      0.11616496	       4.3800162	       1.7908965	       4.9505455	       71.729996	       67.388504	       62.607002	0	
      0.19929072	     0.052715067	       4.5000118	       2.3603749	       3.5514331	       71.953995	          66.722	         62.1035	0	
      0.19732274	      0.11200989	       3.6943988	       1.7457775	       5.1091114	       71.176498	       67.024002	          65.014	0	
      0.20433656	     0.076945038	       5.5902919	       2.5277545	       1.2751495	         71.0495	       66.229996	       65.350998	0	
      0.18829584	     0.090947889	       3.5644272	       1.7041482	      0.11585832	          70.444	          66.611	       64.843506	0	
      0.17832676	      0.44907211	        5.147535	       2.5244465	       1.3808358	       70.880997	       64.240997	         63.8265	0	
      0.19606215	      0.43916661	       5.1155166	      0.76751987	      0.87528449	       71.075996	       64.278503	       62.968498	0	
      0.20890804	       0.3099063	       5.1363214	      0.53349144	      0.74802652	       69.156502	       65.001999	       63.559998	0	
      0.20860469	      0.47863886	       5.2378657	       1.7869152	       5.2060733	       69.080002	       64.337997	       62.946499	0	
      -0.2750883	     0.059759509	       1.4938316	       1.9455911	       2.8211158	       69.107498	       65.045502	       58.596001	0	
     -0.23962929	      0.20853494	       4.4590152	       1.1917849	       6.0254117	       69.408997	       64.652496	       59.330002	0	
     -0.25004059	      0.20110701	       3.8743947	       1.2853137	        5.799444	       70.613503	       66.182495	       59.480499	0	
     -0.26146308	      0.17391529	       5.8669087	       2.3232053	       4.9016838	       71.778999	       64.645996	       59.233498	0	
    -0.088328697	      0.64555282	       4.3394654	      0.51497422	       1.6649399	       72.242004	          65.291	       58.851997	0	
      0.13832836	      0.41134856	      0.47223061	       1.3824368	       2.2645592	       72.901505	       65.012001	       56.610497	0	
       1.1430506	       0.2590698	        4.479643	       1.5315422	       5.8818533	       71.581497	          63.598	       55.373001	0	
       1.1164063	      0.27700447	       4.4735471	       1.5766718	      0.98564526	          72.389	       63.336502	       55.342499	0	
        1.132981	      0.23340456	       4.5878208	       1.5650316	       6.1950905	       72.940002	          64.708	       54.098503	0	
       1.0907706	      0.26956631	       4.4519777	       1.4613716	       1.1885419	       72.190002	       65.181999	       54.177502	0	
       1.1482737	      0.27809482	       4.7704252	       1.4969608	       6.0620334	       71.328003	          63.944	       52.842499	0	
       1.1334564	      0.29731135	       4.5471812	       1.4290677	       1.0735832	       72.128006	       63.577499	          52.729	0	
        1.158552	      0.31252924	       4.6201439	       1.5739792	       6.0345159	       72.722504	       65.003998	          51.507	0	
       1.1462852	      0.33013933	       4.5453275	       1.5841075	        1.098177	         71.9375	       65.367996	         51.4865	0	
       1.1795977	      0.34416309	       4.6717864	       1.7466105	       3.0439931	       71.162498	       64.190002	          50.223	0	
        1.163822	      0.35789286	       4.6563578	       1.4638112	       1.1774825	       71.917999	       63.731499	       50.082001	0	
        1.171152	      0.34202513	       4.6124018	       1.6802761	       3.1298689	       72.653999	       65.119499	       48.848503	0	
       1.1611951	      0.35766203	       4.7192556	        1.528486	       1.0950206	       71.847504	       65.608498	       48.919502	0	
       1.1640346	      0.37771698	       4.5897122	       1.7350701	       3.0256286	       70.908005	          64.513	       47.691498	0	
       1.1766249	       0.3581929	       4.6351465	       1.4582694	       1.3257548	       71.589996	       64.039497	       47.549999	0	
       1.1572081	      0.38465639	       1.3738927	       1.7979203	       3.1694977	         72.4095	       65.467499	       46.293999	0	
       1.1842569	      0.34420236	       4.6568166	       1.2806839	       1.2876899	       71.714493	       65.990005	       46.571499	0	
       1.1811541	      0.34816925	       4.4621436	       1.8666005	        3.103217	       70.535004	       65.123993	       45.302498	0	
       1.1620801	      0.36436186	       4.5604342	       1.1978284	       1.1617436	       71.272499	       64.671997	       44.939999	0	
        1.171245	      0.33894835	       4.3721847	       1.6709407	       2.9846563	       71.948502	       66.335999	       44.105499	0	
       1.1558111	      0.35027595	       4.8465449	       1.3416993	       1.0621427	       71.137497	       66.719002	          44.285	0	
       1.1597334	      0.30573358	        2.089648	        1.437256	       5.7314463	       70.313004	       65.673004	       42.843498	0	
       1.1402788	      0.33144955	       1.6043797	       1.0521802	      0.63367781	       71.171494	       65.678497	       42.498001	0	
       1.1240218	      0.27797625	       2.0922113	       1.5388408	       5.8264189	       71.099998	       67.472504	         41.9235	0	
       1.1343429	      0.27609995	       4.9885478	       1.1535538	      0.51834407	       70.158997	       67.483498	       42.156998	0	
       1.1046877	      0.23837373	       5.0478869	       1.7188817	       5.6482504	       69.899002	       66.513504	           40.41	0	
       1.1205285	      0.22739249	       1.4776571	       1.9506957	       3.7035901	          70.777	       66.559494	       40.292999	0	
        1.090883	      0.18946469	       5.1324267	       1.6742519	       5.6397352	       70.522499	       68.377998	       39.665001	0	
       1.0946783	      0.19067221	       4.9606595	       1.2443607	      0.49428407	         69.6185	       68.294998	       39.782501	0	
       1.0363561	     0.094431276	       1.6668341	        1.594372	       2.3744736	       69.337502	       67.253494	       38.176498	0	
       1.0457002	     0.087985907	       5.0435879	       1.9512668	       3.6988673	         70.1735	       67.370499	         37.9645	0	
       1.0385702	     0.079535274	       4.3249283	       2.1489551	       1.1456051	       69.546005	         68.0625	       37.865997	0	
     -0.28678427	     0.091233822	     0.092150809	      0.70010469	       6.1416249	       71.796997	       67.947495	       58.454002	0	
      0.85234962	      0.34060432	        4.184595	       2.4040157	       4.9909644	       70.869995	       68.497498	       56.512501	0	
      0.85134972	      0.17176998	      0.53746651	       1.8116522	       3.7668483	       70.496002	         69.1175	       57.103001	0	
      0.92298211	      0.33339089	       3.7238346	       1.0506335	       3.9937146	       71.630997	       70.366501	         56.3545	0	
      0.92614527	      0.34146704	       4.0838897	       2.6761803	       5.2918359	       72.100998	         70.2155	       57.122002	0	
      0.92886574	      0.35503858	       4.0074156	      0.98738869	       3.8210128	       73.453506	       69.163002	       56.079498	0	
      0.93159168	       0.3556594	       2.1016053	      0.78648823	       2.1397737	       72.874496	         69.1185	       55.386497	0	
      0.96067595	      0.37053898	       4.0225269	      0.82959737	       3.7999361	       73.616501	       70.772995	       54.693001	0	
      0.93897893	      0.39577752	       2.4321031	      0.86647495	       1.8362531	       74.048004	       70.925003	          55.431	0	
      0.94962893	       0.3791912	       5.2096818	       2.3476379	      0.44265268	       75.584999	       69.802994	       54.845001	0	
      0.93632942	      0.37840461	      0.60174975	       2.3150257	        4.860296	          75.152	       69.577499	       54.082001	0	
      0.94330071	      0.37903107	       1.0776382	      0.97274802	       3.5581352	       75.359001	       71.326004	       53.234497	0	
      0.94148702	      0.35424316	       2.1181389	      0.88316224	       2.0036546	       75.972504	       71.517502	       53.891998	0	
      0.91136431	      0.32935043	       2.0292385	       2.1584075	      0.69574498	       77.218002	       70.267998	       52.919998	0	
      0.88707534	      0.34428237	       4.0552194	       2.2292527	       5.3627795	       76.595001	       70.221497	         52.2575	0	
      0.87332117	      0.32050042	       4.9313704	       2.2617611	       5.2981899	       77.670502	       72.179001	       52.369499	0	
      0.89022141	      0.34079403	       4.7540999	       1.4312749	       5.0857525	       77.695496	       72.624496	       50.591499	0	
      0.91127913	      0.33121724	       1.2725345	        1.474098	       4.7619881	       76.947006	       70.846497	          49.645	0	
      0.90122323	      0.39558387	       4.7988867	       1.6365825	      0.37331196	       76.452003	       71.604004	       49.532001	0	
      0.93790877	      0.34420473	        4.359544	       2.3778464	        5.725737	       77.188004	       71.523499	       47.711998	0	
      0.92781271	      0.38763739	      0.86154828	        1.431759	       4.6357744	       77.466499	       72.282501	         48.0205	0	
      0.93902851	      0.32741754	       4.1173892	       2.1793908	       5.5963052	       79.278999	       71.501007	       48.377998	0	
      0.92063262	      0.36938959	      0.78611353	       1.3006337	       4.6402031	       78.959503	         70.6735	       48.226997	0	
      0.95459091	      0.32647252	       4.3016927	       1.3146487	       3.1998108	       80.130005	       71.160995	       46.800003	0	
       0.9335423	      0.38715013	       4.6898003	       2.0749811	       5.0854273	       79.425507	       70.736496	         46.3815	0	
      0.92619001	      0.30974454	       4.2371628	       1.3600377	       3.1682414	       78.816498	          72.431	       45.608501	0	
      0.92614002	      0.32994134	       4.5977908	       2.1418878	       5.0501738	         79.5065	       72.863998	       46.030998	0	
      0.90842982	      0.30387189	       1.4066675	       1.1503104	       4.7191515	       80.138504	       72.954498	       44.267998	0	
      0.91978912	      0.28561884	       1.8413748	       1.2794016	       3.3618788	       80.656502	       72.335999	       44.657997	0	
      0.88786099	      0.22733543	       4.4682825	       1.1449377	       4.9268227	       79.505501	       71.005005	          43.625	0	
      0.89239357	       0.2179283	       4.3515347	       1.9671479	       0.2762557	       79.116501	       71.627502	       43.175499	0	
      0.85552022	       0.1030379	       4.6940638	       1.2149292	       3.3574506	       81.148003	       71.294502	       42.377998	0	
      0.83207724	      0.11886748	       4.0548189	       2.2398302	       5.1454807	         80.4655	       70.998001	       41.846001	0	
      0.84265022	      0.12917055	      0.85820622	        1.112114	       4.6898856	       80.628502	       71.891006	       41.933502	0	
